$ANSIBLE_VAULT;1.1;AES256
34616139613062343066353837356564373838613733373863316165623433353332373037316636
3434363834656233336331363630316365633363366432370a333433633462613032653635626661
62376161653737313234633766613262373066363331346365663432383166333836646166663261
3265373835366537330a363634333665653038623161663166613066343063353531353864626437
61363935373364633935323038363666313531393164363731346430666566393463353134343932
30666565363937383734643739613766336565313565316535303465663037626236386137666533
33653938366636653363396166663536616464356235353064353065316365623963653664363865
36666332376465323163323337326362373532373031633165313832373137613237336534303434
32306566343133666434383936323630613165383332346161373163336538323961653339386362
33386330393264626236363335373764336561393039303264666363643765633863636535306130
62613537353637623438366437336434393632313232333030623739373063396561626366613032
34396431396362343563326165393233313036353234353065353233333165636665353939646636
3238
