$ANSIBLE_VAULT;1.1;AES256
31623435646437306333346562363636636638326665353662646261366161616131323066353037
3030636138376335353232386265346263396133643937660a646462613162376262386135343338
34356663376430373339393363646132643365666162383332616464313739353962353632336236
6536356466313936630a616563393763373263643933646239343235353130323736393565663934
33396637326338613636383266306662663234323566396230623064653435663138646163376335
66373338323566313038613238656464656562343932633239643439643466363964346533613362
62616561393236353436316634396261323234383534373565396466663162646635323735646262
36356136643463383432343163643939623162353736363761383833373266386266306432323236
35656662656163643630623433663232343433366564373262303133653730393232333863343163
37633365303736333731633634656164373666326138306366343236613563346638316263306436
35313565396531616166643264626362393632303664353431383261396263336366653365393331
39343333303439643934633239303038646139373935393135636338383735306539393333396138
62373930653838383434653331613530316539616332633662313665373036396335353235343637
63323664616336353839323035623234306630613837363934336639656237333434326334303263
34303537346430306134613837373863643435653839353436623765666536666261323838356165
31313733616665663531626538626638626232306337366363613038366265373635386666626266
35323139633065316237313634633631356331376431333639356537313766343531656261643861
33366261663865666336383962376235376330316634363139366534373235646633643236626464
32366561323434643031636166366264383966343038653663646138626534396566343134663664
33666662643030376562616562383137353131306566663936363163306432326364386231316631
34643962383536356262373865613665386564343162623662653233636330623538633763316333
66376262653763353635633131356364353437313066323861366637663231323037626531303961
38363737646364633234386635633538323032643332383062363039393030373135626165326566
64353166393663383061
